2.558479309082031250e-01 2.495231628417968750e-01 7.059144973754882812e-02
-2.765980958938598633e-01 4.273242950439453125e-01 4.484008550643920898e-01
-4.034149646759033203e-02 -2.851110696792602539e-01 -9.051895141601562500e-02
-3.726345300674438477e-01 2.245757579803466797e-01 -1.343978643417358398e-01
-1.655501127243041992e-01 7.052087783813476562e-02 -3.025674819946289062e-02
1.023530960083007812e-02 1.788979768753051758e-01 -1.579494476318359375e-01
4.645625352859497070e-01 3.442412614822387695e-01 9.534001350402832031e-03
-4.616959095001220703e-01 -2.466400861740112305e-01 -4.033923149108886719e-03
9.869170188903808594e-02 -3.700824975967407227e-01 -4.923480749130249023e-01
1.803978681564331055e-01 4.204802513122558594e-01 -3.975329399108886719e-01
-3.638260364532470703e-01 4.574311971664428711e-01 -1.421575546264648438e-01
4.495514631271362305e-01 4.295541048049926758e-01 -2.776231765747070312e-01
4.478864669799804688e-01 -1.956032514572143555e-01 -2.368689775466918945e-01
-7.267379760742187500e-02 6.366133689880371094e-02 3.862630128860473633e-01
1.379749774932861328e-01 -4.420770406723022461e-01 -7.726609706878662109e-02
3.453649282455444336e-01 -4.123847484588623047e-01 -4.860818386077880859e-01
2.592562437057495117e-01 -4.880757331848144531e-01 1.137861013412475586e-01
-2.138304710388183594e-01 8.564352989196777344e-02 -2.526227235794067383e-01
3.835833072662353516e-02 1.317378282546997070e-01 7.626461982727050781e-02
3.819210529327392578e-01 3.657456636428833008e-01 2.567163705825805664e-01
4.180073738098144531e-02 -4.138722419738769531e-01 2.821239233016967773e-01
-3.498148918151855469e-01 1.457635164260864258e-01 9.414076805114746094e-02
-6.151807308197021484e-02 4.565992355346679688e-01 -4.628204107284545898e-01
8.659911155700683594e-02 -9.314203262329101562e-02 2.463101148605346680e-01
-2.799948453903198242e-01 4.026117324829101562e-01 6.548619270324707031e-02
-3.286975622177124023e-01 -3.083789348602294922e-01 -1.835355758666992188e-01
-3.031864166259765625e-01 6.973814964294433594e-02 -4.639105796813964844e-01
2.732100486755371094e-01 -3.758420944213867188e-01 -2.690874338150024414e-01
1.201866865158081055e-01 -2.804512977600097656e-01 1.048420667648315430e-01
-3.694297075271606445e-01 -2.437235116958618164e-01 2.264921665191650391e-01
3.785872459411621094e-02 2.856982946395874023e-01 4.248375892639160156e-01
1.373313665390014648e-01 1.219640970230102539e-01 2.648710012435913086e-01
5.017471313476562500e-02 -4.083422422409057617e-01 -2.765985727310180664e-01
3.858183622360229492e-01 -6.433045864105224609e-02 -8.200621604919433594e-02
8.594858646392822266e-02 -1.937197446823120117e-01 -3.508620262145996094e-01
-4.633728265762329102e-01 4.277276992797851562e-02 -2.771644592285156250e-01
2.489370107650756836e-01 -3.609526157379150391e-02 9.953629970550537109e-02
3.106118440628051758e-01 -2.819045782089233398e-01 -3.097963333129882812e-02
3.597649335861206055e-01 -2.476313114166259766e-01 1.686656475067138672e-01
-2.663184404373168945e-01 -1.154090166091918945e-01 7.199752330780029297e-02
4.979844093322753906e-01 -5.805802345275878906e-02 1.440479755401611328e-01
-4.750908613204956055e-01 2.067025899887084961e-01 4.119085073471069336e-01
3.325855731964111328e-02 -1.279199123382568359e-02 -2.385177612304687500e-01
4.284067153930664062e-01 -4.418514966964721680e-01 -1.009173393249511719e-01
2.552070617675781250e-01 2.218229770660400391e-01 4.052470922470092773e-01
-5.983984470367431641e-02 -4.758780002593994141e-01 7.925629615783691406e-02
5.511569976806640625e-02 3.562978506088256836e-01 -7.585525512695312500e-03
-1.963098049163818359e-01 3.142722845077514648e-01 -3.121266365051269531e-01
2.215856313705444336e-01 -2.607047557830810547e-01 3.417114019393920898e-01
-2.934044599533081055e-01 -4.443221092224121094e-01 2.496123313903808594e-01
1.392264366149902344e-01 1.757264137268066406e-03 4.968465566635131836e-01
-1.160677671432495117e-01 4.187753200531005859e-01 2.836158275604248047e-01
-3.760906457901000977e-01 -4.310381412506103516e-02 -1.018306016921997070e-01
-4.100322723388671875e-02 1.697945594787597656e-01 -4.030478000640869141e-01
-8.451581001281738281e-03 -1.845216751098632812e-01 4.139326810836791992e-01
-2.550331354141235352e-01 -3.549213409423828125e-01 1.793754100799560547e-02
-3.672360181808471680e-01 3.789055347442626953e-02 3.059991598129272461e-01
2.846283912658691406e-01 -2.424907684326171875e-02 -2.953966856002807617e-01
2.555441856384277344e-02 3.685344457626342773e-01 -2.509388923645019531e-01
-1.360671520233154297e-01 -4.847604036331176758e-01 -1.641269922256469727e-01
4.437592029571533203e-01 1.206679344177246094e-01 -1.187717914581298828e-02
9.789955615997314453e-02 3.505520820617675781e-01 2.103179693222045898e-01
2.511432170867919922e-01 3.684672117233276367e-01 -1.497615575790405273e-01
-3.172156810760498047e-01 -1.537576913833618164e-01 -3.467384576797485352e-01
-2.473250627517700195e-01 -1.347149610519409180e-01 3.971970081329345703e-01
-4.785462617874145508e-01 4.520318508148193359e-01 4.555913209915161133e-01
4.109563827514648438e-01 1.476887464523315430e-01 2.156984806060791016e-01
-3.844125270843505859e-01 3.243292570114135742e-01 2.431384325027465820e-01
-1.120359897613525391e-01 -2.514697313308715820e-01 1.841305494308471680e-01
2.138147354125976562e-01 4.709504842758178711e-01 3.689757585525512695e-01
-1.399937868118286133e-01 -9.238243103027343750e-03 2.041763067245483398e-01
-3.744950294494628906e-01 -3.246867656707763672e-01 4.679564237594604492e-01
4.687592983245849609e-01 -1.907454729080200195e-01 3.665367364883422852e-01
-4.794487953186035156e-01 -4.568811655044555664e-01 1.080486774444580078e-01
-2.950680255889892578e-01 -4.776835441589355469e-01 -3.585028648376464844e-01
-1.537433862686157227e-01 -3.589408397674560547e-01 4.128843545913696289e-01
1.178836822509765625e-02 -8.281540870666503906e-02 8.388161659240722656e-03
-2.162251472473144531e-01 2.330720424652099609e-01 4.213811159133911133e-01
-1.358089447021484375e-01 -3.022961616516113281e-01 -3.594379425048828125e-01
-1.381158828735351562e-01 2.253085374832153320e-01 1.891570091247558594e-01
1.742033958435058594e-01 -1.758127212524414062e-01 -1.427568197250366211e-01
-1.071023941040039062e-01 -6.656587123870849609e-02 -4.130645990371704102e-01
3.021781444549560547e-01 -1.909059286117553711e-01 -4.466837644577026367e-01
3.938446044921875000e-01 9.165346622467041016e-02 -4.562007188796997070e-01
3.922842741012573242e-01 2.057846784591674805e-01 -2.196023464202880859e-01
3.663200139999389648e-01 3.292037248611450195e-01 -4.484844207763671875e-01
1.833033561706542969e-01 1.898021697998046875e-01 -3.436712026596069336e-01
3.295617103576660156e-01 -2.448749542236328125e-02 3.449313640594482422e-01
4.361661672592163086e-01 -4.113569259643554688e-01 3.051964044570922852e-01
-1.622418165206909180e-01 -1.370244026184082031e-01 -1.631772518157958984e-01
-4.036817550659179688e-01 2.732425928115844727e-01 -3.728547096252441406e-01
-1.570522785186767578e-01 2.960826158523559570e-01 -6.302690505981445312e-02
2.059614658355712891e-01 9.464156627655029297e-02 -9.962344169616699219e-02
-4.820332527160644531e-01 -9.016501903533935547e-02 -4.710701704025268555e-01
-4.906518459320068359e-01 -3.570399284362792969e-01 -3.505474328994750977e-01
