2.765868902206420898e-01 7.496452331542968750e-02 3.354877233505249023e-01
1.340576410293579102e-01 3.111729621887207031e-01 -5.979967117309570312e-02
-3.830239772796630859e-01 1.301407814025878906e-02 -4.812194108963012695e-01
-3.058493137359619141e-01 -7.362961769104003906e-03 -3.143538236618041992e-01
-4.704033136367797852e-01 -4.786843061447143555e-01 4.510180950164794922e-01
2.521924972534179688e-01 4.712343215942382812e-02 2.863812446594238281e-02
-2.742942571640014648e-01 -2.219370603561401367e-01 -3.519392013549804688e-01
-1.004178524017333984e-01 -4.205732345581054688e-01 9.153497219085693359e-02
1.083940267562866211e-01 -2.978980541229248047e-02 -4.193197488784790039e-01
-2.628154754638671875e-01 2.182338237762451172e-01 -4.907190799713134766e-02
3.444973230361938477e-01 5.191493034362792969e-02 1.765327453613281250e-01
1.516742706298828125e-01 2.412966489791870117e-01 3.132174015045166016e-01
2.128012180328369141e-01 4.449082612991333008e-01 7.806396484375000000e-02
-2.019529342651367188e-01 -2.564200162887573242e-01 4.861551523208618164e-01
4.278097152709960938e-01 -1.949590444564819336e-01 4.520492553710937500e-01
-3.137981891632080078e-02 -4.107630252838134766e-01 -5.363154411315917969e-02
-8.500099182128906250e-02 2.450275421142578125e-01 -4.664362668991088867e-01
-3.991479873657226562e-01 3.625886440277099609e-01 4.208493232727050781e-02
-2.776447534561157227e-01 1.685810089111328125e-02 -9.455418586730957031e-02
-1.771378517150878906e-02 3.459820747375488281e-01 3.446904420852661133e-01
1.896883249282836914e-01 1.606452465057373047e-01 -1.077934503555297852e-01
3.477435111999511719e-01 2.283649444580078125e-01 -5.472743511199951172e-02
-2.265856266021728516e-01 -4.187345504760742188e-01 2.340161800384521484e-01
3.210678100585937500e-01 8.636724948883056641e-02 -3.618505001068115234e-01
3.112267255783081055e-01 -4.467403888702392578e-01 1.927192211151123047e-01
-1.853272914886474609e-01 4.459654092788696289e-01 -2.101793289184570312e-01
4.331433773040771484e-01 2.716379165649414062e-01 -4.067398309707641602e-01
-4.011762142181396484e-01 -2.879242897033691406e-01 4.616420269012451172e-01
1.838359832763671875e-01 4.237591028213500977e-01 4.294468164443969727e-01
-8.167636394500732422e-02 -2.053592205047607422e-01 4.482352733612060547e-02
-4.492391347885131836e-01 1.852419376373291016e-01 -4.723572731018066406e-02
-3.106975555419921875e-01 -2.673203945159912109e-01 3.282877206802368164e-01
-2.076836824417114258e-01 -3.795305490493774414e-01 -6.104731559753417969e-02
4.926867485046386719e-01 4.998051524162292480e-01 1.573514938354492188e-01
7.859754562377929688e-02 -2.169392108917236328e-01 -4.390597343444824219e-01
-2.119216918945312500e-01 -1.745669841766357422e-01 -7.022130489349365234e-02
4.549872875213623047e-01 2.888751029968261719e-02 5.123376846313476562e-03
-3.339123725891113281e-01 -1.133382320404052734e-01 1.974006891250610352e-01
-3.616482019424438477e-01 3.973731994628906250e-01 4.119536876678466797e-01
-1.804292201995849609e-02 7.441616058349609375e-02 4.823249578475952148e-01
1.718344688415527344e-01 9.680080413818359375e-02 -2.911906242370605469e-01
7.414627075195312500e-02 2.953499555587768555e-01 4.922780990600585938e-01
-2.281162738800048828e-01 3.939781188964843750e-01 -4.177390336990356445e-01
-6.364631652832031250e-02 7.758426666259765625e-02 -3.364543914794921875e-01
4.799740314483642578e-01 -3.686666488647460938e-02 -2.771352529525756836e-01
3.386151790618896484e-01 -1.154452562332153320e-01 -8.672094345092773438e-02
-9.243726730346679688e-03 1.818442344665527344e-01 3.488556146621704102e-01
-7.017302513122558594e-02 -2.955579757690429688e-02 -7.599401473999023438e-02
2.905720472335815430e-01 -3.433394432067871094e-02 4.730505943298339844e-01
-3.726757764816284180e-01 -4.866217374801635742e-01 -1.274118423461914062e-01
-1.442165374755859375e-01 2.204824686050415039e-01 2.457959651947021484e-01
2.450835704803466797e-01 -3.181295394897460938e-01 2.308690547943115234e-02
-2.486939430236816406e-01 -2.615201473236083984e-01 9.882616996765136719e-02
3.074073791503906250e-02 -4.115132093429565430e-01 -3.574979305267333984e-01
-1.480276584625244141e-01 -1.919178962707519531e-01 2.844380140304565430e-01
-1.740448474884033203e-01 -6.732845306396484375e-02 1.047048568725585938e-01
-4.826067686080932617e-01 -4.391278028488159180e-01 -1.780748367309570312e-03
4.519567489624023438e-01 -4.544094800949096680e-01 -2.177269458770751953e-01
1.092301607131958008e-01 -4.432418346405029297e-01 1.281476020812988281e-01
2.475991249084472656e-01 2.515772581100463867e-01 -3.996759653091430664e-01
4.408122301101684570e-01 1.582391262054443359e-01 -2.173674106597900391e-01
-3.571922779083251953e-01 1.670774221420288086e-01 -2.216238975524902344e-01
-3.751974105834960938e-01 -1.058833599090576172e-01 -3.038644790649414062e-03
-1.051020622253417969e-02 2.485666275024414062e-01 1.417920589447021484e-01
3.685309886932373047e-01 -4.680870771408081055e-01 -1.520454883575439453e-02
4.579482078552246094e-01 3.737423419952392578e-01 -1.008143424987792969e-01
1.482659578323364258e-01 -4.514809846878051758e-01 -6.033098697662353516e-02
2.235984802246093750e-02 1.516737937927246094e-01 -1.672968864440917969e-01
5.798602104187011719e-02 1.560859680175781250e-01 1.766014099121093750e-02
2.160253524780273438e-01 -2.613021135330200195e-01 1.966907978057861328e-01
2.910265922546386719e-01 -2.151341438293457031e-01 -4.409253597259521484e-01
5.807411670684814453e-02 2.063966989517211914e-01 -3.661882877349853516e-01
2.658414840698242188e-02 -1.407394409179687500e-01 2.220404148101806641e-01
4.792728424072265625e-01 1.550897359848022461e-01 2.975143194198608398e-01
6.363105773925781250e-02 4.914429187774658203e-01 -4.830360412597656250e-01
9.646952152252197266e-02 1.398503780364990234e-02 3.540264368057250977e-01
2.579194307327270508e-01 2.229640483856201172e-01 8.797907829284667969e-02
2.415657043457031250e-01 -9.255516529083251953e-02 -2.899535894393920898e-01
4.532384872436523438e-02 -4.451715946197509766e-02 4.815399646759033203e-02
-4.532014131546020508e-01 -3.430614471435546875e-01 -2.743263244628906250e-01
-3.355332612991333008e-01 2.306332588195800781e-01 2.993586063385009766e-01
-3.807914257049560547e-02 -3.221571445465087891e-01 -4.847151041030883789e-01
2.610156536102294922e-01 -4.404186010360717773e-01 -3.835016489028930664e-01
-4.046679735183715820e-01 -3.211387395858764648e-01 1.610693931579589844e-01
2.891839742660522461e-01 2.748370170593261719e-01 -2.253713607788085938e-01
3.310160636901855469e-01 4.661917686462402344e-02 -1.781637668609619141e-01
-4.747828245162963867e-01 3.325259685516357422e-01 -2.473665475845336914e-01
1.850918531417846680e-01 -4.397487640380859375e-01 2.861775159835815430e-01
3.591567277908325195e-01 4.152731895446777344e-01 -4.693492650985717773e-01
-2.671228647232055664e-01 -3.356715440750122070e-01 -2.247982025146484375e-01
3.461995124816894531e-01 -1.340241432189941406e-01 1.001350879669189453e-01
1.889932155609130859e-01 -1.568825244903564453e-01 4.172062873840332031e-02
2.556586265563964844e-02 -4.536137580871582031e-01 3.815635442733764648e-01
-3.280413150787353516e-02 -4.852868318557739258e-01 2.385325431823730469e-01
-3.403486013412475586e-01 3.401119709014892578e-01 -1.277058124542236328e-01
1.794149875640869141e-01 1.292095184326171875e-01 4.908198118209838867e-01
4.863446950912475586e-01 3.011205196380615234e-01 4.278995990753173828e-01
-3.641843795776367188e-03 4.077079296112060547e-01 5.897188186645507812e-02
-3.729200363159179688e-01 3.023177385330200195e-01 -4.050319194793701172e-01
3.722412586212158203e-01 -2.503110170364379883e-01 -2.724790573120117188e-01
-1.287736892700195312e-01 -3.902183771133422852e-01 3.738465309143066406e-01
1.623454093933105469e-01 4.706821441650390625e-01 -2.210974693298339844e-01
5.539369583129882812e-02 -2.170884609222412109e-01 -6.821823120117187500e-02
-4.050955772399902344e-01 1.803138256072998047e-01 4.591035842895507812e-01
-3.446197509765625000e-02 4.180045127868652344e-01 -3.416773080825805664e-01
-7.904767990112304688e-04 -2.499315738677978516e-01 3.868364095687866211e-01
-2.047719955444335938e-01 3.004050254821777344e-01 4.093292951583862305e-01
3.290534019470214844e-01 2.412040233612060547e-01 2.610447406768798828e-01
-4.892199039459228516e-01 -1.918520927429199219e-01 5.176949501037597656e-02
-2.081146240234375000e-01 4.317142963409423828e-01 -2.917051315307617188e-03
3.903037309646606445e-01 3.699330091476440430e-01 8.723449707031250000e-02
2.809575796127319336e-01 -4.006509780883789062e-01 -1.790331602096557617e-01
-4.968864917755126953e-01 -1.700012683868408203e-01 -1.528956890106201172e-01
-4.908883571624755859e-01 -1.558804512023925781e-02 1.704157590866088867e-01
-3.842463493347167969e-01 -3.015490770339965820e-01 -6.390893459320068359e-02
1.457638740539550781e-01 2.985687255859375000e-01 1.394041776657104492e-01
-1.184917688369750977e-01 1.172957420349121094e-01 1.622366905212402344e-02
1.756649017333984375e-01 -1.517150402069091797e-01 3.933670520782470703e-01
-3.884222507476806641e-01 -4.804346561431884766e-01 2.882491350173950195e-01
-4.627025127410888672e-01 1.170539855957031250e-01 -3.500216007232666016e-01
-2.660803794860839844e-01 -4.519516229629516602e-01 4.426850080490112305e-01
-2.974292039871215820e-01 3.843045234680175781e-01 2.130613327026367188e-01
1.763094663619995117e-01 3.953170776367187500e-01 -3.858739137649536133e-01
4.362442493438720703e-01 4.384187459945678711e-01 3.080581426620483398e-01
5.666196346282958984e-02 -1.794946193695068359e-01 -2.646886110305786133e-01
4.231231212615966797e-01 -3.669253587722778320e-01 -4.506450891494750977e-01
-4.657120704650878906e-01 -1.766200065612792969e-01 -3.802676200866699219e-01
8.956789970397949219e-02 3.990497589111328125e-01 2.330586910247802734e-01
2.839539051055908203e-01 2.981095314025878906e-01 4.229037761688232422e-01
-8.537316322326660156e-02 2.743449211120605469e-01 -8.474254608154296875e-02
4.422698020935058594e-01 1.751947402954101562e-01 1.050159931182861328e-01
1.116752624511718750e-02 -4.459750652313232422e-02 -2.285312414169311523e-01
-2.526915073394775391e-01 2.924771308898925781e-01 -2.472610473632812500e-01
4.017006158828735352e-01 -3.073393106460571289e-01 1.264238357543945312e-01
1.099100112915039062e-01 2.944204807281494141e-01 -2.366197109222412109e-01
3.545452356338500977e-01 4.364576339721679688e-01 -2.927380800247192383e-01
-2.380965948104858398e-01 -6.830346584320068359e-02 3.656007051467895508e-01
4.132205247879028320e-01 -2.948558330535888672e-01 -7.813811302185058594e-02
6.282520294189453125e-02 -2.884654998779296875e-01 8.112132549285888672e-02
2.900583744049072266e-01 4.147839546203613281e-01 -1.109246015548706055e-01
-1.109397411346435547e-01 -4.225286245346069336e-01 -2.209014892578125000e-01
1.477024555206298828e-01 -4.040312767028808594e-02 -1.097164154052734375e-01
4.186153411865234375e-03 4.442087411880493164e-01 -1.513441801071166992e-01
-1.679463386535644531e-01 4.453769922256469727e-01 3.344463109970092773e-01
-1.714324951171875000e-01 -1.091349124908447266e-01 -2.497467994689941406e-01
1.852009296417236328e-01 -3.039901256561279297e-01 -3.146694898605346680e-01
-3.344471454620361328e-01 6.049025058746337891e-02 6.588757038116455078e-02
-2.769888639450073242e-01 -1.316280364990234375e-01 -4.763569831848144531e-01
-3.545963764190673828e-01 -3.844423294067382812e-01 -4.140763282775878906e-01
-2.705621719360351562e-02 5.372810363769531250e-02 1.773494482040405273e-01
-9.393978118896484375e-02 2.701892852783203125e-01 -2.818620204925537109e-01
4.289417266845703125e-01 -7.167148590087890625e-02 -4.337024688720703125e-01
-3.883057832717895508e-01 1.876091957092285156e-01 1.370655298233032227e-01
2.031846046447753906e-01 -2.406541109085083008e-01 -1.475720405578613281e-01
-1.070537567138671875e-01 1.097869873046875000e-02 3.120470046997070312e-01
-1.770509481430053711e-01 1.624393463134765625e-02 -4.853558540344238281e-01
-4.628056287765502930e-01 1.298224925994873047e-02 -1.231360435485839844e-01
-3.410476446151733398e-01 -1.542994976043701172e-01 -2.017238140106201172e-01
4.685142040252685547e-01 -3.632817268371582031e-01 3.142936229705810547e-01
-8.993744850158691406e-02 -2.745236158370971680e-01 -3.266053199768066406e-01
-1.218330860137939453e-01 4.015357494354248047e-01 1.689641475677490234e-01
-1.792275905609130859e-01 -4.240236282348632812e-01 -4.065366983413696289e-01
-2.253915071487426758e-01 2.613966464996337891e-01 1.016991138458251953e-01
-5.142104625701904297e-02 -1.076955795288085938e-01 4.356327056884765625e-01
-9.166502952575683594e-02 -1.087547540664672852e-01 -3.910636901855468750e-01
4.937625527381896973e-01 -1.947691440582275391e-01 2.649857997894287109e-01
-9.152162075042724609e-02 4.554717540740966797e-01 4.914309978485107422e-01
3.258123397827148438e-01 -4.813054800033569336e-01 3.978333473205566406e-01
-2.515449523925781250e-01 1.687351465225219727e-01 -3.942199945449829102e-01
8.362817764282226562e-02 -3.212432861328125000e-01 2.759244441986083984e-01
-2.288672924041748047e-01 7.043826580047607422e-02 2.059049606323242188e-01
-3.016673326492309570e-01 -4.562001228332519531e-01 7.986915111541748047e-02
-4.812892675399780273e-01 3.368057012557983398e-01 2.282819747924804688e-01
-2.102384567260742188e-01 1.345286369323730469e-01 4.110074043273925781e-01
1.870440244674682617e-01 -5.769240856170654297e-02 2.063233852386474609e-01
-1.629705429077148438e-01 1.034682989120483398e-01 -1.912906169891357422e-01
7.371973991394042969e-02 -3.589682579040527344e-01 -1.952104568481445312e-01
-4.629604816436767578e-01 4.620347023010253906e-01 -4.024127721786499023e-01
1.450747251510620117e-01 1.191689968109130859e-01 1.947748661041259766e-01
-4.180343151092529297e-01 -1.240110397338867188e-01 4.070385694503784180e-01
1.798663139343261719e-01 -3.589966297149658203e-01 4.799242019653320312e-01
4.543192386627197266e-01 -9.833812713623046875e-03 3.688498735427856445e-01
-7.634103298187255859e-02 -2.516644001007080078e-01 -1.503177881240844727e-01
-5.250859260559082031e-02 -3.214939832687377930e-01 2.247372865676879883e-01
2.921851873397827148e-01 -3.069723844528198242e-01 3.462419509887695312e-01
-3.345563411712646484e-01 4.766948223114013672e-01 -2.733826637268066406e-01
2.679597139358520508e-01 4.010384082794189453e-01 2.345241308212280273e-01
-3.816262483596801758e-01 3.982639312744140625e-02 3.094310760498046875e-01
3.332759141921997070e-01 -1.229442358016967773e-01 2.796462774276733398e-01
3.947511911392211914e-01 1.343216896057128906e-01 4.704549312591552734e-01
